   1.0000000e-01   4.0250000e+04   3.0000000e+04   2.1830560e+02   1.0205299e+04  -2.2511397e+01   4.4658334e+04
   2.0000000e-01   4.0500000e+04   3.0000004e+04   4.3759014e+02   1.0408618e+04  -2.2015963e+01   4.4596178e+04
   3.0000000e-01   4.0750000e+04   3.0000013e+04   6.5782356e+02   1.0609997e+04  -2.1534143e+01   4.4534877e+04
   4.0000000e-01   4.1000000e+04   3.0000031e+04   8.7897682e+02   1.0809475e+04  -2.1065425e+01   4.4474419e+04
   5.0000000e-01   4.1250000e+04   3.0000061e+04   1.1010218e+03   1.1007088e+04  -2.0609324e+01   4.4414789e+04
   6.0000000e-01   4.1500000e+04   3.0000105e+04   1.3239315e+03   1.1202873e+04  -2.0165375e+01   4.4355974e+04
   7.0000000e-01   4.1750000e+04   3.0000168e+04   1.5476796e+03   1.1396867e+04  -1.9733137e+01   4.4297961e+04
   8.0000000e-01   4.2000000e+04   3.0000251e+04   1.7722406e+03   1.1589103e+04  -1.9312187e+01   4.4240739e+04
   9.0000000e-01   4.2250000e+04   3.0000358e+04   1.9975902e+03   1.1779617e+04  -1.8902122e+01   4.4184295e+04
   1.0000000e+00   4.2500000e+04   3.0000492e+04   2.2237045e+03   1.1968441e+04  -1.8502557e+01   4.4128617e+04
   1.1000000e+00   4.2750000e+04   3.0000656e+04   2.4505605e+03   1.2155609e+04  -1.8113125e+01   4.4073694e+04
   1.2000000e+00   4.3000000e+04   3.0000853e+04   2.6781360e+03   1.2341152e+04  -1.7733475e+01   4.4019515e+04
   1.3000000e+00   4.3250000e+04   3.0001085e+04   2.9064095e+03   1.2525102e+04  -1.7363269e+01   4.3966069e+04
   1.4000000e+00   4.3500000e+04   3.0001356e+04   3.1353600e+03   1.2707489e+04  -1.7002187e+01   4.3913346e+04
   1.5000000e+00   4.3749999e+04   3.0001669e+04   3.3649675e+03   1.2888342e+04  -1.6649921e+01   4.3861335e+04
   1.6000000e+00   4.3999999e+04   3.0002026e+04   3.5952122e+03   1.3067691e+04  -1.6306176e+01   4.3810027e+04
   1.7000000e+00   4.4249999e+04   3.0002431e+04   3.8260754e+03   1.3245566e+04  -1.5970671e+01   4.3759412e+04
   1.8000000e+00   4.4499998e+04   3.0002887e+04   4.0575385e+03   1.3421993e+04  -1.5643135e+01   4.3709480e+04
   1.9000000e+00   4.4749998e+04   3.0003396e+04   4.2895837e+03   1.3597000e+04  -1.5323310e+01   4.3660222e+04
   2.0000000e+00   4.4999997e+04   3.0003962e+04   4.5221939e+03   1.3770613e+04  -1.5010949e+01   4.3611629e+04
   2.1000000e+00   4.5249996e+04   3.0004587e+04   4.7553522e+03   1.3942861e+04  -1.4705812e+01   4.3563692e+04
   2.2000000e+00   4.5499995e+04   3.0005275e+04   4.9890424e+03   1.4113767e+04  -1.4407672e+01   4.3516403e+04
   2.3000000e+00   4.5749994e+04   3.0006028e+04   5.2232488e+03   1.4283357e+04  -1.4116310e+01   4.3469753e+04
   2.4000000e+00   4.5999993e+04   3.0006849e+04   5.4579560e+03   1.4451657e+04  -1.3831517e+01   4.3423735e+04
   2.5000000e+00   4.6249991e+04   3.0007742e+04   5.6931494e+03   1.4618689e+04  -1.3553091e+01   4.3378340e+04
   2.6000000e+00   4.6499989e+04   3.0008708e+04   5.9288144e+03   1.4784479e+04  -1.3280837e+01   4.3333560e+04
   2.7000000e+00   4.6749987e+04   3.0009751e+04   6.1649372e+03   1.4949049e+04  -1.3014571e+01   4.3289387e+04
   2.8000000e+00   4.6999985e+04   3.0010875e+04   6.4015041e+03   1.5112422e+04  -1.2754114e+01   4.3245815e+04
   2.9000000e+00   4.7249982e+04   3.0012081e+04   6.6385021e+03   1.5274620e+04  -1.2499293e+01   4.3202836e+04
   3.0000000e+00   4.7499979e+04   3.0013372e+04   6.8759184e+03   1.5435666e+04  -1.2249945e+01   4.3160442e+04
   3.1000000e+00   4.7749975e+04   3.0014753e+04   7.1137406e+03   1.5595580e+04  -1.2005910e+01   4.3118628e+04
   3.2000000e+00   4.7999970e+04   3.0016224e+04   7.3519566e+03   1.5754385e+04  -1.1767036e+01   4.3077385e+04
   3.3000000e+00   4.8249965e+04   3.0017790e+04   7.5905548e+03   1.5912100e+04  -1.1533175e+01   4.3036707e+04
   3.4000000e+00   4.8499960e+04   3.0019453e+04   7.8295239e+03   1.6068747e+04  -1.1304187e+01   4.2996588e+04
   3.5000000e+00   4.8749954e+04   3.0021216e+04   8.0688528e+03   1.6224345e+04  -1.1079935e+01   4.2957021e+04
   3.6000000e+00   4.8999947e+04   3.0023081e+04   8.3085307e+03   1.6378913e+04  -1.0860289e+01   4.2917999e+04
   3.7000000e+00   4.9249939e+04   3.0025052e+04   8.5485474e+03   1.6532471e+04  -1.0645122e+01   4.2879517e+04
   3.8000000e+00   4.9499930e+04   3.0027132e+04   8.7888926e+03   1.6685039e+04  -1.0434313e+01   4.2841569e+04
   3.9000000e+00   4.9749921e+04   3.0029322e+04   9.0295567e+03   1.6836633e+04  -1.0227744e+01   4.2804148e+04
   4.0000000e+00   4.9999910e+04   3.0031626e+04   9.2705299e+03   1.6987273e+04  -1.0025303e+01   4.2767249e+04
   4.1000000e+00   5.0249898e+04   3.0034048e+04   9.5118032e+03   1.7136977e+04  -9.8268814e+00   4.2730865e+04
   4.2000000e+00   5.0499886e+04   3.0036588e+04   9.7533673e+03   1.7285761e+04  -9.6323734e+00   4.2694992e+04
   4.3000000e+00   5.0749871e+04   3.0039251e+04   9.9952137e+03   1.7433644e+04  -9.4416781e+00   4.2659623e+04
   4.4000000e+00   5.0999856e+04   3.0042038e+04   1.0237334e+04   1.7580642e+04  -9.2546980e+00   4.2624753e+04
   4.5000000e+00   5.1249839e+04   3.0044954e+04   1.0479719e+04   1.7726771e+04  -9.0713387e+00   4.2590377e+04
   4.6000000e+00   5.1499820e+04   3.0047999e+04   1.0722362e+04   1.7872049e+04  -8.8915094e+00   4.2556490e+04
   4.7000000e+00   5.1749800e+04   3.0051178e+04   1.0965255e+04   1.8016492e+04  -8.7151222e+00   4.2523086e+04
   4.8000000e+00   5.1999778e+04   3.0054492e+04   1.1208389e+04   1.8160114e+04  -8.5420924e+00   4.2490159e+04
   4.9000000e+00   5.2249754e+04   3.0057945e+04   1.1451758e+04   1.8302932e+04  -8.3723381e+00   4.2457706e+04
   5.0000000e+00   5.2499728e+04   3.0061539e+04   1.1695354e+04   1.8444960e+04  -8.2057801e+00   4.2425721e+04
   5.1000000e+00   5.2749700e+04   3.0065276e+04   1.1939171e+04   1.8586215e+04  -8.0423420e+00   4.2394199e+04
   5.2000000e+00   5.2999670e+04   3.0069160e+04   1.2183201e+04   1.8726710e+04  -7.8819501e+00   4.2363136e+04
   5.3000000e+00   5.3249638e+04   3.0073193e+04   1.2427439e+04   1.8866460e+04  -7.7245327e+00   4.2332526e+04
   5.4000000e+00   5.3499603e+04   3.0077377e+04   1.2671877e+04   1.9005480e+04  -7.5700209e+00   4.2302365e+04
   5.5000000e+00   5.3749565e+04   3.0081715e+04   1.2916509e+04   1.9143783e+04  -7.4183480e+00   4.2272649e+04
   5.6000000e+00   5.3999525e+04   3.0086210e+04   1.3161330e+04   1.9281383e+04  -7.2694492e+00   4.2243372e+04
   5.7000000e+00   5.4249481e+04   3.0090864e+04   1.3406333e+04   1.9418293e+04  -7.1232622e+00   4.2214530e+04
   5.8000000e+00   5.4499435e+04   3.0095680e+04   1.3651512e+04   1.9554528e+04  -6.9797263e+00   4.2186119e+04
   5.9000000e+00   5.4749385e+04   3.0100661e+04   1.3896863e+04   1.9690100e+04  -6.8387831e+00   4.2158135e+04
   6.0000000e+00   5.4999332e+04   3.0105807e+04   1.4142380e+04   1.9825021e+04  -6.7003759e+00   4.2130573e+04
   6.1000000e+00   5.5249276e+04   3.0111123e+04   1.4388056e+04   1.9959305e+04  -6.5644497e+00   4.2103428e+04
   6.2000000e+00   5.5499216e+04   3.0116611e+04   1.4633888e+04   2.0092965e+04  -6.4309514e+00   4.2076697e+04
   6.3000000e+00   5.5749151e+04   3.0122273e+04   1.4879871e+04   2.0226012e+04  -6.2998295e+00   4.2050376e+04
   6.4000000e+00   5.5999083e+04   3.0128112e+04   1.5125998e+04   2.0358458e+04  -6.1710341e+00   4.2024459e+04
   6.5000000e+00   5.6249011e+04   3.0134129e+04   1.5372267e+04   2.0490315e+04  -6.0445167e+00   4.1998944e+04
   6.6000000e+00   5.6498934e+04   3.0140328e+04   1.5618672e+04   2.0621595e+04  -5.9202305e+00   4.1973826e+04
   6.7000000e+00   5.6748852e+04   3.0146711e+04   1.5865208e+04   2.0752310e+04  -5.7981300e+00   4.1949102e+04
   6.8000000e+00   5.6998766e+04   3.0153280e+04   1.6111872e+04   2.0882471e+04  -5.6781711e+00   4.1924766e+04
   6.9000000e+00   5.7248675e+04   3.0160037e+04   1.6358659e+04   2.1012088e+04  -5.5603110e+00   4.1900816e+04
   7.0000000e+00   5.7498578e+04   3.0166985e+04   1.6605565e+04   2.1141173e+04  -5.4445081e+00   4.1877247e+04
   7.1000000e+00   5.7748476e+04   3.0174126e+04   1.6852586e+04   2.1269737e+04  -5.3307222e+00   4.1854056e+04
   7.2000000e+00   5.7998368e+04   3.0181462e+04   1.7099718e+04   2.1397789e+04  -5.2189142e+00   4.1831238e+04
   7.3000000e+00   5.8248255e+04   3.0188996e+04   1.7346958e+04   2.1525342e+04  -5.1090459e+00   4.1808791e+04
   7.4000000e+00   5.8498135e+04   3.0196730e+04   1.7594301e+04   2.1652404e+04  -5.0010807e+00   4.1786710e+04
   7.5000000e+00   5.8748009e+04   3.0204666e+04   1.7841745e+04   2.1778985e+04  -4.8949825e+00   4.1764991e+04
   7.6000000e+00   5.8997877e+04   3.0212806e+04   1.8089286e+04   2.1905097e+04  -4.7907167e+00   4.1743632e+04
   7.7000000e+00   5.9247737e+04   3.0221153e+04   1.8336921e+04   2.2030748e+04  -4.6882493e+00   4.1722627e+04
   7.8000000e+00   5.9497591e+04   3.0229708e+04   1.8584645e+04   2.2155948e+04  -4.5875474e+00   4.1701975e+04
   7.9000000e+00   5.9747437e+04   3.0238474e+04   1.8832457e+04   2.2280707e+04  -4.4885791e+00   4.1681670e+04
   8.0000000e+00   5.9997276e+04   3.0247453e+04   1.9080353e+04   2.2405033e+04  -4.3913132e+00   4.1661710e+04
   8.1000000e+00   6.0247107e+04   3.0256647e+04   1.9328330e+04   2.2528937e+04  -4.2957195e+00   4.1642092e+04
   8.2000000e+00   6.0496929e+04   3.0266058e+04   1.9576385e+04   2.2652426e+04  -4.2017684e+00   4.1622810e+04
   8.3000000e+00   6.0746744e+04   3.0275688e+04   1.9824515e+04   2.2775510e+04  -4.1094314e+00   4.1603863e+04
   8.4000000e+00   6.0996550e+04   3.0285539e+04   2.0072719e+04   2.2898198e+04  -4.0186804e+00   4.1585247e+04
   8.5000000e+00   6.1246347e+04   3.0295613e+04   2.0320992e+04   2.3020498e+04  -3.9294883e+00   4.1566958e+04
   8.6000000e+00   6.1496134e+04   3.0305913e+04   2.0569332e+04   2.3142418e+04  -3.8418287e+00   4.1548992e+04
   8.7000000e+00   6.1745913e+04   3.0316439e+04   2.0817738e+04   2.3263968e+04  -3.7556756e+00   4.1531347e+04
   8.8000000e+00   6.1995681e+04   3.0327194e+04   2.1066206e+04   2.3385154e+04  -3.6710040e+00   4.1514020e+04
   8.9000000e+00   6.2245440e+04   3.0338180e+04   2.1314735e+04   2.3505985e+04  -3.5877893e+00   4.1497006e+04
   9.0000000e+00   6.2495188e+04   3.0349400e+04   2.1563321e+04   2.3626469e+04  -3.5060076e+00   4.1480303e+04
   9.1000000e+00   6.2744925e+04   3.0360853e+04   2.1811963e+04   2.3746614e+04  -3.4256356e+00   4.1463907e+04
   9.2000000e+00   6.2994652e+04   3.0372543e+04   2.2060659e+04   2.3866427e+04  -3.3466505e+00   4.1447815e+04
   9.3000000e+00   6.3244367e+04   3.0384472e+04   2.2309406e+04   2.3985916e+04  -3.2690300e+00   4.1432023e+04
   9.4000000e+00   6.3494071e+04   3.0396641e+04   2.2558203e+04   2.4105088e+04  -3.1927526e+00   4.1416530e+04
   9.5000000e+00   6.3743763e+04   3.0409051e+04   2.2807047e+04   2.4223950e+04  -3.1177969e+00   4.1401330e+04
   9.6000000e+00   6.3993442e+04   3.0421705e+04   2.3055937e+04   2.4342511e+04  -3.0441424e+00   4.1386422e+04
   9.7000000e+00   6.4243109e+04   3.0434605e+04   2.3304871e+04   2.4460775e+04  -2.9717688e+00   4.1371802e+04
   9.8000000e+00   6.4492763e+04   3.0447751e+04   2.3553847e+04   2.4578752e+04  -2.9006562e+00   4.1357466e+04
   9.9000000e+00   6.4742404e+04   3.0461147e+04   2.3802863e+04   2.4696447e+04  -2.8307855e+00   4.1343413e+04
   1.0000000e+01   6.4992031e+04   3.0474792e+04   2.4051918e+04   2.4813866e+04  -2.7621376e+00   4.1329637e+04
   1.0100000e+01   6.5241645e+04   3.0488690e+04   2.4301010e+04   2.4931018e+04  -2.6946941e+00   4.1316138e+04
   1.0200000e+01   6.5491244e+04   3.0502841e+04   2.4550138e+04   2.5047908e+04  -2.6284369e+00   4.1302911e+04
   1.0300000e+01   6.5740828e+04   3.0517247e+04   2.4799300e+04   2.5164542e+04  -2.5633483e+00   4.1289953e+04
   1.0400000e+01   6.5990398e+04   3.0531910e+04   2.5048494e+04   2.5280926e+04  -2.4994109e+00   4.1277261e+04
   1.0500000e+01   6.6239952e+04   3.0546831e+04   2.5297720e+04   2.5397068e+04  -2.4366076e+00   4.1264833e+04
   1.0600000e+01   6.6489491e+04   3.0562012e+04   2.5546975e+04   2.5512972e+04  -2.3749220e+00   4.1252665e+04
   1.0700000e+01   6.6739014e+04   3.0577454e+04   2.5796259e+04   2.5628646e+04  -2.3143375e+00   4.1240755e+04
   1.0800000e+01   6.6988520e+04   3.0593159e+04   2.6045570e+04   2.5744093e+04  -2.2548382e+00   4.1229098e+04
   1.0900000e+01   6.7238009e+04   3.0609127e+04   2.6294907e+04   2.5859322e+04  -2.1964084e+00   4.1217693e+04
   1.1000000e+01   6.7487482e+04   3.0625361e+04   2.6544269e+04   2.5974336e+04  -2.1390328e+00   4.1206537e+04
   1.1100000e+01   6.7736937e+04   3.0641862e+04   2.6793655e+04   2.6089142e+04  -2.0826960e+00   4.1195625e+04
   1.1200000e+01   6.7986374e+04   3.0658630e+04   2.7043063e+04   2.6203745e+04  -2.0273834e+00   4.1184957e+04
   1.1300000e+01   6.8235792e+04   3.0675668e+04   2.7292493e+04   2.6318150e+04  -1.9730803e+00   4.1174528e+04
   1.1400000e+01   6.8485192e+04   3.0692977e+04   2.7541943e+04   2.6432362e+04  -1.9197724e+00   4.1164335e+04
   1.1500000e+01   6.8734573e+04   3.0710558e+04   2.7791413e+04   2.6546388e+04  -1.8674457e+00   4.1154376e+04
   1.1600000e+01   6.8983935e+04   3.0728411e+04   2.8040901e+04   2.6660231e+04  -1.8160862e+00   4.1144649e+04
   1.1700000e+01   6.9233277e+04   3.0746539e+04   2.8290407e+04   2.6773897e+04  -1.7656803e+00   4.1135149e+04
   1.1800000e+01   6.9482599e+04   3.0764942e+04   2.8539930e+04   2.6887390e+04  -1.7162148e+00   4.1125874e+04
   1.1900000e+01   6.9731900e+04   3.0783622e+04   2.8789468e+04   2.7000716e+04  -1.6676763e+00   4.1116822e+04
   1.2000000e+01   6.9981180e+04   3.0802579e+04   2.9039022e+04   2.7113879e+04  -1.6200520e+00   4.1107990e+04
   1.2100000e+01   7.0230439e+04   3.0821816e+04   2.9288590e+04   2.7226884e+04  -1.5733290e+00   4.1099374e+04
   1.2200000e+01   7.0479676e+04   3.0841332e+04   2.9538171e+04   2.7339735e+04  -1.5274948e+00   4.1090972e+04
   1.2300000e+01   7.0728891e+04   3.0861128e+04   2.9787765e+04   2.7452436e+04  -1.4825370e+00   4.1082782e+04
   1.2400000e+01   7.0978083e+04   3.0881207e+04   3.0037371e+04   2.7564993e+04  -1.4384434e+00   4.1074800e+04
   1.2500000e+01   7.1227253e+04   3.0901568e+04   3.0286989e+04   2.7677409e+04  -1.3952020e+00   4.1067024e+04
   1.2600000e+01   7.1476399e+04   3.0922213e+04   3.0536617e+04   2.7789689e+04  -1.3528008e+00   4.1059450e+04
   1.2700000e+01   7.1725521e+04   3.0943143e+04   3.0786255e+04   2.7901836e+04  -1.3112282e+00   4.1052077e+04
   1.2800000e+01   7.1974619e+04   3.0964358e+04   3.1035903e+04   2.8013856e+04  -1.2704727e+00   4.1044902e+04
   1.2900000e+01   7.2223693e+04   3.0985860e+04   3.1285560e+04   2.8125750e+04  -1.2305227e+00   4.1037921e+04
   1.3000000e+01   7.2472742e+04   3.1007648e+04   3.1535225e+04   2.8237525e+04  -1.1913672e+00   4.1031132e+04
   1.3100000e+01   7.2721765e+04   3.1029725e+04   3.1784898e+04   2.8349183e+04  -1.1529949e+00   4.1024533e+04
   1.3200000e+01   7.2970763e+04   3.1052090e+04   3.2034579e+04   2.8460728e+04  -1.1153950e+00   4.1018121e+04
   1.3300000e+01   7.3219734e+04   3.1074744e+04   3.2284267e+04   2.8572163e+04  -1.0785564e+00   4.1011893e+04
   1.3400000e+01   7.3468679e+04   3.1097689e+04   3.2533961e+04   2.8683494e+04  -1.0424687e+00   4.1005847e+04
   1.3500000e+01   7.3717597e+04   3.1120924e+04   3.2783661e+04   2.8794722e+04  -1.0071211e+00   4.0999980e+04
   1.3600000e+01   7.3966487e+04   3.1144451e+04   3.3033366e+04   2.8905851e+04  -9.7250315e-01   4.0994289e+04
   1.3700000e+01   7.4215350e+04   3.1168270e+04   3.3283077e+04   2.9016885e+04  -9.3860458e-01   4.0988772e+04
   1.3800000e+01   7.4464184e+04   3.1192381e+04   3.3532793e+04   2.9127828e+04  -9.0541510e-01   4.0983426e+04
   1.3900000e+01   7.4712990e+04   3.1216785e+04   3.3782513e+04   2.9238681e+04  -8.7292460e-01   4.0978249e+04
   1.4000000e+01   7.4961767e+04   3.1241484e+04   3.4032237e+04   2.9349449e+04  -8.4112305e-01   4.0973239e+04
   1.4100000e+01   7.5210515e+04   3.1266476e+04   3.4281965e+04   2.9460135e+04  -8.1000053e-01   4.0968391e+04
   1.4200000e+01   7.5459233e+04   3.1291763e+04   3.4531696e+04   2.9570741e+04  -7.7954722e-01   4.0963705e+04
   1.4300000e+01   7.5707921e+04   3.1317345e+04   3.4781431e+04   2.9681271e+04  -7.4975340e-01   4.0959178e+04
   1.4400000e+01   7.5956578e+04   3.1343222e+04   3.5031169e+04   2.9791727e+04  -7.2060944e-01   4.0954807e+04
   1.4500000e+01   7.6205204e+04   3.1369395e+04   3.5280909e+04   2.9902112e+04  -6.9210582e-01   4.0950590e+04
   1.4600000e+01   7.6453799e+04   3.1395864e+04   3.5530652e+04   3.0012430e+04  -6.6423307e-01   4.0946524e+04
   1.4700000e+01   7.6702362e+04   3.1422630e+04   3.5780397e+04   3.0122683e+04  -6.3698184e-01   4.0942607e+04
   1.4800000e+01   7.6950893e+04   3.1449692e+04   3.6030144e+04   3.0232873e+04  -6.1034287e-01   4.0938836e+04
   1.4900000e+01   7.7199391e+04   3.1477052e+04   3.6279893e+04   3.0343003e+04  -5.8430696e-01   4.0935210e+04
   1.5000000e+01   7.7447856e+04   3.1504709e+04   3.6529643e+04   3.0453076e+04  -5.5886499e-01   4.0931725e+04
   1.5100000e+01   7.7696289e+04   3.1532663e+04   3.6779395e+04   3.0563094e+04  -5.3400795e-01   4.0928380e+04
   1.5200000e+01   7.7944687e+04   3.1560914e+04   3.7029148e+04   3.0673060e+04  -5.0972688e-01   4.0925171e+04
   1.5300000e+01   7.8193052e+04   3.1589463e+04   3.7278902e+04   3.0782976e+04  -4.8601290e-01   4.0922097e+04
   1.5400000e+01   7.8441382e+04   3.1618310e+04   3.7528657e+04   3.0892844e+04  -4.6285721e-01   4.0919156e+04
   1.5500000e+01   7.8689677e+04   3.1647455e+04   3.7778413e+04   3.1002667e+04  -4.4025107e-01   4.0916345e+04
   1.5600000e+01   7.8937937e+04   3.1676898e+04   3.8028170e+04   3.1112446e+04  -4.1818584e-01   4.0913662e+04
   1.5700000e+01   7.9186162e+04   3.1706638e+04   3.8277927e+04   3.1222184e+04  -3.9665292e-01   4.0911104e+04
   1.5800000e+01   7.9434351e+04   3.1736676e+04   3.8527684e+04   3.1331884e+04  -3.7564380e-01   4.0908669e+04
   1.5900000e+01   7.9682504e+04   3.1767013e+04   3.8777442e+04   3.1441546e+04  -3.5515002e-01   4.0906356e+04
   1.6000000e+01   7.9930620e+04   3.1797646e+04   3.9027201e+04   3.1551174e+04  -3.3516319e-01   4.0904162e+04
   1.6100000e+01   8.0178699e+04   3.1828578e+04   3.9276959e+04   3.1660769e+04  -3.1567500e-01   4.0902084e+04
   1.6200000e+01   8.0426740e+04   3.1859807e+04   3.9526718e+04   3.1770333e+04  -2.9667720e-01   4.0900121e+04
   1.6300000e+01   8.0674745e+04   3.1891333e+04   3.9776476e+04   3.1879868e+04  -2.7816158e-01   4.0898270e+04
   1.6400000e+01   8.0922711e+04   3.1923156e+04   4.0026235e+04   3.1989375e+04  -2.6012004e-01   4.0896530e+04
   1.6500000e+01   8.1170639e+04   3.1955276e+04   4.0275993e+04   3.2098857e+04  -2.4254449e-01   4.0894898e+04
   1.6600000e+01   8.1418528e+04   3.1987693e+04   4.0525752e+04   3.2208315e+04  -2.2542694e-01   4.0893372e+04
   1.6700000e+01   8.1666379e+04   3.2020406e+04   4.0775510e+04   3.2317751e+04  -2.0875944e-01   4.0891950e+04
   1.6800000e+01   8.1914190e+04   3.2053415e+04   4.1025269e+04   3.2427166e+04  -1.9253412e-01   4.0890630e+04
   1.6900000e+01   8.2161962e+04   3.2086719e+04   4.1275027e+04   3.2536563e+04  -1.7674316e-01   4.0889410e+04
   1.7000000e+01   8.2409694e+04   3.2120319e+04   4.1524784e+04   3.2645942e+04  -1.6137878e-01   4.0888288e+04
   1.7100000e+01   8.2657385e+04   3.2154213e+04   4.1774542e+04   3.2755305e+04  -1.4643330e-01   4.0887262e+04
   1.7200000e+01   8.2905036e+04   3.2188402e+04   4.2024300e+04   3.2864654e+04  -1.3189907e-01   4.0886330e+04
   1.7300000e+01   8.3152647e+04   3.2222885e+04   4.2274057e+04   3.2973990e+04  -1.1776851e-01   4.0885490e+04
   1.7400000e+01   8.3400216e+04   3.2257661e+04   4.2523814e+04   3.3083314e+04  -1.0403408e-01   4.0884741e+04
   1.7500000e+01   8.3647744e+04   3.2292730e+04   4.2773571e+04   3.3192628e+04  -9.0688331e-02   4.0884079e+04
   1.7600000e+01   8.3895231e+04   3.2328091e+04   4.3023327e+04   3.3301933e+04  -7.7723845e-02   4.0883504e+04
   1.7700000e+01   8.4142676e+04   3.2363744e+04   4.3273084e+04   3.3411230e+04  -6.5133275e-02   4.0883014e+04
   1.7800000e+01   8.4390078e+04   3.2399687e+04   4.3522840e+04   3.3520521e+04  -5.2909328e-02   4.0882606e+04
   1.7900000e+01   8.4637438e+04   3.2435922e+04   4.3772596e+04   3.3629807e+04  -4.1044768e-02   4.0882279e+04
   1.8000000e+01   8.4884756e+04   3.2472446e+04   4.4022352e+04   3.3739089e+04  -2.9532418e-02   4.0882031e+04
   1.8100000e+01   8.5132031e+04   3.2509259e+04   4.4272108e+04   3.3848368e+04  -1.8365160e-02   4.0881860e+04
   1.8200000e+01   8.5379262e+04   3.2546360e+04   4.4521864e+04   3.3957645e+04  -7.5359318e-03   4.0881766e+04
